60 enemy 50 50 1 30 6 1 50
120 enemy 100 50 1 30 5 1 10
180 enemy 150 50 2 20 1 60 30
240 enemy 200 50 1 40 8 1 20
300 enemy 250 50 1 15 20 1 40
360 enemy 300 50 2 50 3 1 5
420 enemy 350 50 1 100 7 1 120
480 enemy 400 50 2 10 5 1 60
540 move 0 0 5 24 0
600 move 1 0 5 24 0
660 move 2 0 5 24 0
720 move 3 0 5 24 0
780 move 4 0 5 24 0
840 move 5 0 5 24 0
900 move 6 0 5 24 0
960 move 7 0 5 24 0
1020 move 0 0 -5 24 0
1021 move 1 0 -5 24 0
1022 move 2 0 -5 24 0
1023 move 3 0 -5 24 0
1024 move 4 0 -5 24 0
1025 move 5 0 -5 24 0
1026 move 6 0 -5 24 0
1027 move 7 0 -5 24 0
1080 delete 0
1081 delete 1
1082 delete 2
1083 delete 3
1084 delete 4
1085 delete 5
1086 delete 6
1087 delete 7
1100 end
